193
1
90
1
63
6
66
5
240
0
247
4
281
7
112
1
148
4
228
6
116
10
152
3
38
4
43
7
225
5
111
8
252
0
157
5
115
1
220
10
107
8
78
0
292
4
142
7
285
3
297
7
9
8
214
1
184
8
144
0
52
4
94
1
3
1
130
4
183
4
117
7
232
4
287
5
222
10
219
10
43
1
206
1
284
8
72
10
61
6
270
1
240
6
237
9
5
1
4
3
102
3
24
2
141
6
88
8
66
9
134
9
212
10
230
7
221
5
204
5
114
5
167
2
38
6
84
3
41
3
62
4
205
10
226
7
4
9
203
7
133
7
251
0
224
8
22
9
183
1
232
9
31
1
102
1
291
2
15
1
230
0
118
0
255
5
47
6
109
2
154
4
155
8
94
6
206
3
287
5
291
0
82
5
60
6
2
4
166
7
171
9
108
1
25
9
265
9
249
5
